10	-0.020622929	-5.682872751
10.495	-0.023964888	-5.946185949
10.99	-0.025268892	-6.220215607
11.485	-0.027044527	-6.50386336
11.98	-0.024772507	-6.764304338
12.475	-0.030290334	-7.045319148
12.97	-0.027644528	-7.294266875
13.465	-0.028017899	-7.592250727
13.96	-0.029360005	-7.844794299
14.455	-0.029644062	-8.122414284
14.95	-0.029759325	-8.386856988
15.445	-0.030501836	-8.665376223
15.94	-0.031068115	-8.943029838
16.435	-0.029726161	-9.212660523
16.93	-0.031935483	-9.497616499
17.425	-0.031549606	-9.771378315
17.92	-0.030901414	-10.03854157
18.415	-0.033466074	-10.31538207
18.91	-0.033926832	-10.58272429
19.405	-0.034825749	-10.86398965
19.9	-0.034858079	-11.13708529
20.395	-0.036534932	-11.40796197
20.89	-0.037160718	-11.68225195
21.385	-0.036857497	-11.95830408
21.88	-0.038545553	-12.23073526
22.375	-0.038438284	-12.50263004
22.87	-0.037990681	-12.7750822
23.365	-0.03980535	-13.05219968
23.86	-0.039226975	-13.31165578
24.355	-0.040589627	-13.59166092
24.85	-0.040410098	-13.86423252
25.345	-0.042300665	-14.13449651
25.84	-0.043090161	-14.40671644
26.335	-0.041650831	-14.67881649
26.83	-0.041243671	-14.95174312
27.325	-0.04369614	-15.22027646
27.82	-0.043580637	-15.49562826
28.315	-0.044366784	-15.76167728
28.81	-0.044398134	-16.03695171
29.305	-0.045467008	-16.30476822
29.8	-0.045994987	-16.57556645
30.295	-0.045448635	-16.84707561
30.79	-0.04681491	-17.12354945
31.285	-0.04615924	-17.39178834
31.78	-0.047015291	-17.66717055
32.275	-0.047364415	-17.93035271
32.77	-0.048501951	-18.21100902
33.265	-0.048503495	-18.48154307
33.76	-0.048708443	-18.75097331
34.255	-0.050031934	-19.01944176
34.75	-0.049576672	-19.29412723
35.245	-0.049407189	-19.55875856
35.74	-0.050903159	-19.83721518
36.235	-0.050808168	-20.10804375
36.73	-0.050459461	-20.38246779
37.225	-0.052663013	-20.64227588
37.72	-0.052205832	-20.92224425
38.215	-0.052401133	-21.18961509
38.71	-0.053189431	-21.46224115
39.205	-0.053528968	-21.73757415
39.7	-0.053090025	-22.00686026
40.195	-0.054203871	-22.27471841
40.69	-0.054570331	-22.55476596
41.185	-0.055234354	-22.82288091
41.68	-0.055775746	-23.09566006
42.175	-0.056016674	-23.36648551
42.67	-0.056811409	-23.63626809
43.165	-0.05614687	-23.90919532
43.66	-0.056676054	-24.17971436
44.155	-0.056728953	-24.44930105
44.65	-0.057798852	-24.72513117
45.145	-0.05843486	-25.00027994
45.64	-0.057959729	-25.26814474
46.135	-0.058951374	-25.54293175
46.63	-0.059532376	-25.81121859
47.125	-0.05887536	-26.08687822
47.62	-0.059640936	-26.35601839
48.115	-0.060442579	-26.62936879
48.61	-0.059829936	-26.90216264
49.105	-0.060158008	-27.17598253
49.6	-0.061442128	-27.44270937
50.095	-0.061046392	-27.71364267
50.59	-0.061764807	-27.98637158
51.085	-0.061322384	-28.25874742
51.58	-0.061847322	-28.53162147
52.075	-0.061400611	-28.80118673
52.57	-0.062569852	-29.07369101
53.065	-0.063997348	-29.34855513
53.56	-0.062351532	-29.60870057
54.055	-0.062960336	-29.88096689
54.55	-0.063043787	-30.15024128
55.045	-0.064245646	-30.43037032
55.54	-0.064402581	-30.70067166
56.035	-0.064914132	-30.9625537
56.53	-0.063621934	-31.24230268
57.025	-0.066391346	-31.50127472
57.52	-0.06607691	-31.77857362
58.015	-0.065357108	-32.05596695
58.51	-0.065980973	-32.31750423
59.005	-0.067194125	-32.60419147
59.5	-0.065970677	-32.87338032
59.995	-0.066975635	-33.13446653
60.49	-0.066636336	-33.40539448
60.985	-0.067871792	-33.68067151
61.48	-0.068896239	-33.93941426
61.975	-0.068741348	-34.22815202
62.47	-0.068814766	-34.4868756
62.965	-0.067977448	-34.76187408
63.46	-0.069142274	-35.043641
63.955	-0.06924856	-35.30298752
64.45	-0.068943045	-35.57849216
64.945	-0.07060522	-35.84700105
65.44	-0.070596101	-36.11976151
65.935	-0.069838528	-36.39026763
66.43	-0.071503983	-36.6652736
66.925	-0.072317586	-36.93012784
67.42	-0.071875107	-37.2065458
67.915	-0.072286854	-37.47032475
68.41	-0.072694995	-37.7461629
68.905	-0.07368501	-38.01735268
69.4	-0.072179851	-38.28906025
69.895	-0.073148224	-38.5567533
70.39	-0.075125623	-38.82898307
70.885	-0.073992912	-39.1017592
71.38	-0.074526464	-39.36814463
71.875	-0.074555848	-39.64769835
72.37	-0.075890279	-39.92272496
72.865	-0.074757485	-40.18811189
73.36	-0.074877234	-40.45523637
73.855	-0.07569393	-40.7290486
74.35	-0.076116795	-40.99903427
74.845	-0.076408943	-41.27489994
75.34	-0.077513184	-41.54232009
75.835	-0.076827995	-41.80724503
76.33	-0.077929894	-42.07763799
76.825	-0.078619674	-42.35513791
77.32	-0.077544757	-42.63062483
77.815	-0.079164307	-42.89529881
78.31	-0.077956863	-43.15622924
78.805	-0.078352638	-43.43688953
79.3	-0.079184386	-43.71174704
79.795	-0.078451459	-43.97887404
80.29	-0.078607208	-44.24681467
80.785	-0.079856988	-44.51628932
81.28	-0.080114164	-44.79366355
81.775	-0.080077883	-45.05605788
82.27	-0.080737411	-45.33588093
82.765	-0.080449311	-45.60372125
83.26	-0.08105184	-45.87486892
83.755	-0.081243589	-46.14816391
84.25	-0.081528127	-46.41556921
84.745	-0.082715075	-46.68476869
85.24	-0.083433764	-46.96009286
85.735	-0.082282936	-47.23106068
86.23	-0.082710473	-47.49994327
86.725	-0.082873726	-47.77029901
87.22	-0.083625139	-48.04500657
87.715	-0.084048311	-48.31655217
88.21	-0.083284627	-48.58316199
88.705	-0.084611724	-48.85580393
89.2	-0.084354698	-49.11798219
89.695	-0.085568452	-49.39780756
90.19	-0.084771661	-49.66625731
90.685	-0.085510123	-49.93911772
91.18	-0.086503119	-50.2060095
91.675	-0.086146777	-50.47625
92.17	-0.086208572	-50.74219213
92.665	-0.086031916	-51.01390002
93.16	-0.087728705	-51.29464498
93.655	-0.08658649	-51.56125915
94.15	-0.08698362	-51.83406383
94.645	-0.087720894	-52.10001631
95.14	-0.087093167	-52.37173861
95.635	-0.087831469	-52.64397781
96.13	-0.08810084	-52.91822668
96.625	-0.088339831	-53.18530514
97.12	-0.089009613	-53.45776736
97.615	-0.088220628	-53.72891264
98.11	-0.088931867	-53.99392864
98.605	-0.089949801	-54.26347224
99.1	-0.089603729	-54.53971108
99.595	-0.090067964	-54.80923546
100.09	-0.090204724	-55.08278246
100.585	-0.090079917	-55.34617099
101.08	-0.090552047	-55.61675638
101.575	-0.091163684	-55.8925249
102.07	-0.091055479	-56.16658163
102.565	-0.090746866	-56.43805259
103.06	-0.090946117	-56.702489
103.555	-0.091495331	-56.97170837
104.05	-0.090904282	-57.24120782
104.545	-0.092610992	-57.5168735
105.04	-0.092223825	-57.78911171
105.535	-0.092484445	-58.05554765
106.03	-0.092655198	-58.32694634
106.525	-0.093257058	-58.59644696
107.02	-0.09371878	-58.86927165
107.515	-0.092329197	-59.1384194
108.01	-0.093447254	-59.41272508
108.505	-0.093486172	-59.67873585
109	-0.094210769	-59.95336413